S = 6
S^2
1./S