K=[1 2 3;
 2 6 8;
 3 4 3;]*[2 0 0;
          0 1 0;
          0 0 3;]*inv([1 2 3;
 2 6 8;
 3 4 3;])


B=[4 4 3;
 8 12 8;
 12 8 3;]*[2 0 0;
          0 1 0;
          0 0 3;]*inv([4 4 3;
 8 12 8;
 12 8 3;])