% [L U] = lu([1 1 0; 4 6 1; -2 2 0;])

% a = [0.2500   -0.1000    1.0000;
%     1.0000         0         0;
%    -0.5000    1.0000         0;]
a = [1.0000         0         0;
   -0.5000    1.0000         0;
   0.2500   -0.1000    1.0000;]


b = [4.0000    6.0000    1.0000;
         0    5.0000    0.5000;
         0         0   -0.2000;]
     
a*b